S1 			 S2 		 lr 		 mc 		 MSE 		 epoch 		 work_P[%] 		 PK[%] 
30 		 30 		 0.01 		 0.6 		 0.1487 		 8e+02 		 0.174 		 77.08
30 		 30 		 0.01 		 0.7 		 0.1626 		 1e+03 		 0.347 		 76.95
30 		 30 		 0.01 		 0.8 		 0.368 		 1e+01 		 0.521 		 60.55
30 		 30 		 0.01 		 0.9 		 0.2131 		   9 		 0.694 		 71.88
30 		 30 		 0.001 		 0.6 		 0.1492 		 1e+04 		 0.868 		 75.26
30 		 30 		 0.001 		 0.7 		 0.1519 		 1e+04 		 1.04 		 76.82
30 		 30 		 0.001 		 0.8 		 0.1521 		 1e+04 		 1.22 		 76.3
30 		 30 		 0.001 		 0.9 		 0.1545 		 8e+03 		 1.39 		 74.74
30 		 30 		 0.0001 		 0.6 		 0.1922 		 1e+04 		 1.56 		 71.61
30 		 30 		 0.0001 		 0.7 		 0.199 		 1e+04 		 1.74 		 68.88
30 		 30 		 0.0001 		 0.8 		 0.19 		 1e+04 		 1.91 		 72.4
30 		 30 		 0.0001 		 0.9 		 0.1863 		 1e+04 		 2.08 		 70.57
50 		 30 		 0.01 		 0.6 		 0.2878 		   8 		 2.26 		 66.93
50 		 30 		 0.01 		 0.7 		 0.1425 		 2e+03 		 2.43 		 79.56
50 		 30 		 0.01 		 0.8 		 0.2848 		 1e+01 		 2.6 		 61.59
50 		 30 		 0.01 		 0.9 		 1.064 		   7 		 2.78 		 29.3
50 		 30 		 0.001 		 0.6 		 0.4023 		 2e+01 		 2.95 		 52.73
50 		 30 		 0.001 		 0.7 		 0.1793 		 2e+03 		 3.13 		 74.09
50 		 30 		 0.001 		 0.8 		 0.1482 		 1e+04 		 3.3 		 78.78
50 		 30 		 0.001 		 0.9 		 0.1479 		 1e+04 		 3.47 		 78.13
50 		 30 		 0.0001 		 0.6 		 0.1694 		 1e+04 		 3.65 		 72.92
50 		 30 		 0.0001 		 0.7 		 0.2035 		 1e+04 		 3.82 		 70.7
50 		 30 		 0.0001 		 0.8 		 0.1953 		 1e+04 		 3.99 		 72.53
50 		 30 		 0.0001 		 0.9 		 0.1721 		 1e+04 		 4.17 		 73.96
50 		 50 		 0.01 		 0.6 		 0.1307 		 5e+03 		 4.34 		 79.82
50 		 50 		 0.01 		 0.7 		 0.1463 		 8e+02 		 4.51 		 79.43
50 		 50 		 0.01 		 0.8 		 0.814 		   7 		 4.69 		 27.86
50 		 50 		 0.01 		 0.9 		 0.794 		   7 		 4.86 		 35.94
50 		 50 		 0.001 		 0.6 		 0.1413 		 1e+04 		 5.03 		 77.6
50 		 50 		 0.001 		 0.7 		 0.1587 		 7e+03 		 5.21 		 76.56
50 		 50 		 0.001 		 0.8 		 0.14 		 1e+04 		 5.38 		 77.86
50 		 50 		 0.001 		 0.9 		 0.1396 		 1e+04 		 5.56 		 77.47
50 		 50 		 0.0001 		 0.6 		 0.2032 		 1e+04 		 5.73 		 70.7
50 		 50 		 0.0001 		 0.7 		 0.1942 		 1e+04 		 5.9 		 72.14
50 		 50 		 0.0001 		 0.8 		 0.1895 		 1e+04 		 6.08 		 72.4
50 		 50 		 0.0001 		 0.9 		 0.2058 		 1e+04 		 6.25 		 68.88
70 		 30 		 0.01 		 0.6 		 0.1205 		 7e+03 		 6.42 		 80.6
70 		 30 		 0.01 		 0.7 		 0.1389 		 6e+02 		 6.6 		 78.65
70 		 30 		 0.01 		 0.8 		 0.3044 		   8 		 6.77 		 68.49
70 		 30 		 0.01 		 0.9 		 0.4 		   9 		 6.94 		 54.69
70 		 30 		 0.001 		 0.6 		 0.1425 		 1e+04 		 7.12 		 78.78
70 		 30 		 0.001 		 0.7 		 0.1423 		 9e+03 		 7.29 		 78.39
70 		 30 		 0.001 		 0.8 		 0.1472 		 1e+04 		 7.47 		 78.39
70 		 30 		 0.001 		 0.9 		 0.2886 		 2e+01 		 7.64 		 65.1
70 		 30 		 0.0001 		 0.6 		 0.1839 		 1e+04 		 7.81 		 74.22
70 		 30 		 0.0001 		 0.7 		 0.1828 		 1e+04 		 7.99 		 73.05
70 		 30 		 0.0001 		 0.8 		 0.1653 		 1e+04 		 8.16 		 75.39
70 		 30 		 0.0001 		 0.9 		 0.1662 		 1e+04 		 8.33 		 75.26
70 		 50 		 0.01 		 0.6 		 0.1306 		 1e+03 		 8.51 		 79.17
70 		 50 		 0.01 		 0.7 		 0.1415 		 7e+02 		 8.68 		 78.65
70 		 50 		 0.01 		 0.8 		 0.1204 		 4e+03 		 8.85 		 79.04
70 		 50 		 0.01 		 0.9 		 0.7118 		   7 		 9.03 		 52.99
70 		 50 		 0.001 		 0.6 		 0.1605 		 3e+03 		 9.2 		 77.08
70 		 50 		 0.001 		 0.7 		 0.1399 		 1e+04 		 9.38 		 79.43
70 		 50 		 0.001 		 0.8 		 0.1329 		 1e+04 		 9.55 		 79.04
70 		 50 		 0.001 		 0.9 		 0.3502 		 2e+01 		 9.72 		 60.03
70 		 50 		 0.0001 		 0.6 		 0.1764 		 1e+04 		 9.9 		 76.56
70 		 50 		 0.0001 		 0.7 		 0.1768 		 1e+04 		 10.1 		 72.4
70 		 50 		 0.0001 		 0.8 		 0.1697 		 1e+04 		 10.2 		 76.82
70 		 50 		 0.0001 		 0.9 		 0.1681 		 1e+04 		 10.4 		 74.87
70 		 70 		 0.01 		 0.6 		 0.1214 		 2e+03 		 10.6 		 80.34
70 		 70 		 0.01 		 0.7 		 0.128 		 1e+03 		 10.8 		 78.91
70 		 70 		 0.01 		 0.8 		 0.2263 		 2e+01 		 10.9 		 70.7
70 		 70 		 0.01 		 0.9 		 0.909 		   7 		 11.1 		 28.13
70 		 70 		 0.001 		 0.6 		 0.1326 		 1e+04 		 11.3 		 78.39
70 		 70 		 0.001 		 0.7 		 0.1543 		 4e+03 		 11.5 		 75.26
70 		 70 		 0.001 		 0.8 		 0.1317 		 1e+04 		 11.6 		 79.69
70 		 70 		 0.001 		 0.9 		 0.1468 		 1e+04 		 11.8 		 78.39
70 		 70 		 0.0001 		 0.6 		 0.1785 		 1e+04 		 12 		 73.57
70 		 70 		 0.0001 		 0.7 		 0.1857 		 1e+04 		 12.2 		 74.09
70 		 70 		 0.0001 		 0.8 		 0.1798 		 1e+04 		 12.3 		 75.91
70 		 70 		 0.0001 		 0.9 		 0.1743 		 1e+04 		 12.5 		 76.04
90 		 30 		 0.01 		 0.6 		 0.1372 		 3e+03 		 12.7 		 80.08
90 		 30 		 0.01 		 0.7 		 0.1185 		 4e+03 		 12.8 		 81.12
90 		 30 		 0.01 		 0.8 		 0.3473 		   7 		 13 		 56.12
90 		 30 		 0.01 		 0.9 		 0.3408 		   8 		 13.2 		 56.64
90 		 30 		 0.001 		 0.6 		 0.1569 		 2e+03 		 13.4 		 76.95
90 		 30 		 0.001 		 0.7 		 0.1528 		 3e+03 		 13.5 		 77.86
90 		 30 		 0.001 		 0.8 		 0.1628 		 3e+03 		 13.7 		 75.65
90 		 30 		 0.001 		 0.9 		 0.2526 		 2e+01 		 13.9 		 66.02
90 		 30 		 0.0001 		 0.6 		 0.1799 		 1e+04 		 14.1 		 74.74
90 		 30 		 0.0001 		 0.7 		 0.2168 		 3e+02 		 14.2 		 65.63
90 		 30 		 0.0001 		 0.8 		 0.1899 		 1e+04 		 14.4 		 72.79
90 		 30 		 0.0001 		 0.9 		 0.1812 		 1e+04 		 14.6 		 73.57
90 		 50 		 0.01 		 0.6 		 0.1414 		 5e+02 		 14.8 		 77.6
90 		 50 		 0.01 		 0.7 		 0.1354 		 8e+02 		 14.9 		 78.78
90 		 50 		 0.01 		 0.8 		 0.1924 		 4e+01 		 15.1 		 71.48
90 		 50 		 0.01 		 0.9 		 0.4371 		   7 		 15.3 		 37.63
90 		 50 		 0.001 		 0.6 		 0.1329 		 3e+03 		 15.5 		 79.04
90 		 50 		 0.001 		 0.7 		 0.1542 		 3e+03 		 15.6 		 76.56
90 		 50 		 0.001 		 0.8 		 0.5605 		 2e+01 		 15.8 		 46.22
90 		 50 		 0.001 		 0.9 		 0.3589 		 1e+01 		 16 		 61.98
90 		 50 		 0.0001 		 0.6 		 0.1625 		 1e+04 		 16.1 		 75.65
90 		 50 		 0.0001 		 0.7 		 0.1851 		 1e+04 		 16.3 		 71.22
90 		 50 		 0.0001 		 0.8 		 0.1831 		 1e+04 		 16.5 		 72.53
90 		 50 		 0.0001 		 0.9 		 0.1709 		 1e+04 		 16.7 		 76.17
90 		 70 		 0.01 		 0.6 		 0.1335 		 7e+02 		 16.8 		 77.47
90 		 70 		 0.01 		 0.7 		 0.1342 		 6e+02 		 17 		 79.3
90 		 70 		 0.01 		 0.8 		 0.1292 		 1e+03 		 17.2 		 77.99
90 		 70 		 0.01 		 0.9 		 0.6358 		   7 		 17.4 		 30.86
90 		 70 		 0.001 		 0.6 		 0.1599 		 3e+03 		 17.5 		 76.69
90 		 70 		 0.001 		 0.7 		 0.1348 		 1e+04 		 17.7 		 79.43
90 		 70 		 0.001 		 0.8 		 0.1478 		 8e+03 		 17.9 		 78.13
90 		 70 		 0.001 		 0.9 		 0.4202 		 1e+01 		 18.1 		 55.47
90 		 70 		 0.0001 		 0.6 		 0.1835 		 1e+04 		 18.2 		 74.35
90 		 70 		 0.0001 		 0.7 		 0.1863 		 1e+04 		 18.4 		 72.92
90 		 70 		 0.0001 		 0.8 		 0.1677 		 1e+04 		 18.6 		 75.26
90 		 70 		 0.0001 		 0.9 		 0.2046 		 1e+04 		 18.8 		 74.87
90 		 90 		 0.01 		 0.6 		 0.1227 		 2e+03 		 18.9 		 80.34
90 		 90 		 0.01 		 0.7 		 0.1327 		 9e+02 		 19.1 		 80.08
90 		 90 		 0.01 		 0.8 		 0.2896 		 1e+01 		 19.3 		 65.76
90 		 90 		 0.01 		 0.9 		 4.893 		   6 		 19.4 		 2.083
90 		 90 		 0.001 		 0.6 		 0.1325 		 8e+03 		 19.6 		 79.43
90 		 90 		 0.001 		 0.7 		 0.1482 		 5e+03 		 19.8 		 78.78
90 		 90 		 0.001 		 0.8 		 0.8164 		 1e+01 		 20 		 45.57
90 		 90 		 0.001 		 0.9 		 0.9253 		 1e+01 		 20.1 		 38.93
90 		 90 		 0.0001 		 0.6 		 0.1655 		 1e+04 		 20.3 		 75.91
90 		 90 		 0.0001 		 0.7 		 0.1573 		 1e+04 		 20.5 		   75
90 		 90 		 0.0001 		 0.8 		 0.1723 		 1e+04 		 20.7 		 75.78
90 		 90 		 0.0001 		 0.9 		 0.1604 		 1e+04 		 20.8 		 72.79
