S1	S2		lr_inc	lr_dec	max_err	acc[%]		lr			MSE		epoch	work_progress[%]
20 	  5 	 1.05 	 0.7 	 1.04 	 77.99 	 0.216371 	 0.153051 	 255 	 0.909091
20 	 10 	 1.05 	 0.7 	 1.04 	 77.08 	 0.192657 	 0.159127 	 194 	 1.81818
20 	 15 	 1.05 	 0.7 	 1.04 	 77.86 	 0.218562 	 0.139544 	 487 	 2.72727
20 	 20 	 1.05 	 0.7 	 1.04 	 78.26 	 0.0815479 	 0.141089 	 256 	 3.63636
20 	 25 	 1.05 	 0.7 	 1.04 	 75.13 	 0.098621 	 0.148487 	 495 	 4.54545
20 	 30 	 1.05 	 0.7 	 1.04 	 77.47 	 0.100297 	 0.151921 	 162 	 5.45455
20 	 35 	 1.05 	 0.7 	 1.04 	 78.39 	 0.105132 	 0.141798 	 486 	 6.36364
20 	 40 	 1.05 	 0.7 	 1.04 	 78.13 	 0.0748432 	 0.16278 	 157 	 7.27273
20 	 45 	 1.05 	 0.7 	 1.04 	 77.86 	 0.0529208 	 0.143964 	 400 	 8.18182
20 	 50 	 1.05 	 0.7 	 1.04 	 79.17 	 0.0539091 	 0.148075 	 499 	 9.09091
25 	  5 	 1.05 	 0.7 	 1.04 	 77.34 	 0.446045 	 0.159833 	 430 	  10
25 	 10 	 1.05 	 0.7 	 1.04 	 77.47 	 0.216371 	 0.146399 	 258 	 10.9091
25 	 15 	 1.05 	 0.7 	 1.04 	 78.78 	 0.160643 	 0.136514 	 489 	 11.8182
25 	 20 	 1.05 	 0.7 	 1.04 	 76.43 	 0.13328 	 0.157769 	 321 	 12.7273
25 	 25 	 1.05 	 0.7 	 1.04 	 78.39 	 0.173862 	 0.149088 	 474 	 13.6364
25 	 30 	 1.05 	 0.7 	 1.04 	 78.78 	 0.113783 	 0.134295 	 476 	 14.5455
25 	 35 	 1.05 	 0.7 	 1.04 	 78.39 	 0.123561 	 0.143224 	 449 	 15.4545
25 	 40 	 1.05 	 0.7 	 1.04 	 77.6 	 0.0610571 	 0.148468 	 324 	 16.3636
25 	 45 	 1.05 	 0.7 	 1.04 	 77.34 	 0.0529208 	 0.146855 	 460 	 17.2727
25 	 50 	 1.05 	 0.7 	 1.04 	 75.26 	 0.0531897 	 0.15546 	 144 	 18.1818
30 	  5 	 1.05 	 0.7 	 1.04 	 78.52 	 0.40322 	 0.136094 	 324 	 19.0909
30 	 10 	 1.05 	 0.7 	 1.04 	 76.56 	 0.283688 	 0.15129 	 155 	  20
30 	 15 	 1.05 	 0.7 	 1.04 	 78.78 	 0.131277 	 0.14604 	 330 	 20.9091
30 	 20 	 1.05 	 0.7 	 1.04 	 75.13 	 0.0981283 	 0.176539 	  95 	 21.8182
30 	 25 	 1.05 	 0.7 	 1.04 	 77.86 	 0.121704 	 0.140766 	 490 	 22.7273
30 	 30 	 1.05 	 0.7 	 1.04 	 76.69 	 0.0791151 	 0.147047 	 286 	 23.6364
30 	 35 	 1.05 	 0.7 	 1.04 	 79.3 	 0.0820976 	 0.136898 	 369 	 24.5455
30 	 40 	 1.05 	 0.7 	 1.04 	 77.34 	 0.0472793 	 0.129359 	 483 	 25.4545
30 	 45 	 1.05 	 0.7 	 1.04 	 79.56 	 0.0423813 	 0.141694 	 482 	 26.3636
30 	 50 	 1.05 	 0.7 	 1.04 	 77.86 	 0.0530989 	 0.149145 	 491 	 27.2727
35 	  5 	 1.05 	 0.7 	 1.04 	 76.95 	 0.347148 	 0.144094 	 246 	 28.1818
35 	 10 	 1.05 	 0.7 	 1.04 	 75.91 	 0.237749 	 0.159038 	 200 	 29.0909
35 	 15 	 1.05 	 0.7 	 1.04 	 78.39 	 0.15146 	 0.144641 	 274 	  30
35 	 20 	 1.05 	 0.7 	 1.04 	 78.52 	 0.0825147 	 0.152647 	 156 	 30.9091
35 	 25 	 1.05 	 0.7 	 1.04 	 78.65 	 0.077013 	 0.133618 	 490 	 31.8182
35 	 30 	 1.05 	 0.7 	 1.04 	 78.39 	 0.0693854 	 0.148255 	 241 	 32.7273
35 	 35 	 1.05 	 0.7 	 1.04 	 77.99 	 0.095358 	 0.137147 	 494 	 33.6364
35 	 40 	 1.05 	 0.7 	 1.04 	 78.91 	 0.0603417 	 0.137907 	 446 	 34.5455
35 	 45 	 1.05 	 0.7 	 1.04 	 77.86 	 0.0468053 	 0.143359 	 190 	 35.4545
35 	 50 	 1.05 	 0.7 	 1.04 	 78.26 	 0.0379281 	 0.148932 	 239 	 36.3636
40 	  5 	 1.05 	 0.7 	 1.04 	 79.17 	 0.510304 	 0.139657 	 488 	 37.2727
40 	 10 	 1.05 	 0.7 	 1.04 	 79.82 	 0.179812 	 0.146934 	 485 	 38.1818
40 	 15 	 1.05 	 0.7 	 1.04 	 78.39 	 0.167546 	 0.135356 	 390 	 39.0909
40 	 20 	 1.05 	 0.7 	 1.04 	 77.73 	 0.135769 	 0.147669 	 373 	  40
40 	 25 	 1.05 	 0.7 	 1.04 	 79.04 	 0.0447265 	 0.136777 	 262 	 40.9091
40 	 30 	 1.05 	 0.7 	 1.04 	 78.13 	 0.0583452 	 0.147899 	 382 	 41.8182
40 	 35 	 1.05 	 0.7 	 1.04 	 78.78 	 0.0592355 	 0.137748 	 388 	 42.7273
40 	 40 	 1.05 	 0.7 	 1.04 	 77.21 	 0.0439065 	 0.149561 	 208 	 43.6364
40 	 45 	 1.05 	 0.7 	 1.04 	 78.39 	 0.0370446 	 0.139638 	 434 	 44.5455
40 	 50 	 1.05 	 0.7 	 1.04 	 78.26 	 0.030838 	 0.150523 	 288 	 45.4545
45 	  5 	 1.05 	 0.7 	 1.04 	 78.39 	 0.245885 	 0.150506 	 201 	 46.3636
45 	 10 	 1.05 	 0.7 	 1.04 	 78.39 	 0.099122 	 0.14288 	 237 	 47.2727
45 	 15 	 1.05 	 0.7 	 1.04 	 76.43 	 0.467575 	 0.154593 	 127 	 48.1818
45 	 20 	 1.05 	 0.7 	 1.04 	 77.21 	 0.095521 	 0.155302 	 145 	 49.0909
